time,5V voltage [V],5V current [mA],5V power [mW],Bat Voltage [V],Bat Current [mA],Bat Power [mW]
03:39:01.439173,0.860,-0.21341,0.0000,0.884,-0.09146,0.0000
03:39:01.554794,0.856,-0.09146,0.0000,0.884,-0.09146,0.0000
03:39:01.670067,0.856,-0.21341,0.0000,0.884,-0.09146,0.0000
03:39:01.785383,0.860,-0.09146,0.0000,0.884,-0.09146,0.0000
03:39:01.907314,0.852,-0.21341,0.0000,0.884,-0.21341,0.0000
03:39:02.030820,0.852,-0.21341,0.0000,0.884,-0.30488,0.0000
03:39:02.157197,0.856,0.00000,0.0000,0.888,-0.09146,0.0000
03:39:02.280672,0.856,-0.09146,0.0000,0.888,-0.21341,0.0000
03:39:02.404290,0.856,-0.30488,0.0000,0.884,-0.21341,0.0000
03:39:02.529353,0.860,-0.09146,0.0000,0.884,-0.21341,0.0000
03:39:02.669459,0.860,-0.09146,0.0000,0.884,0.00000,0.0000
03:39:02.798416,0.856,-0.30488,0.0000,0.884,-0.09146,0.0000
03:39:02.915882,0.856,-0.09146,0.0000,0.884,-0.21341,0.0000
03:39:03.031851,0.860,-0.21341,0.0000,0.884,-0.09146,0.0000
03:39:03.149437,0.856,-0.09146,0.0000,0.888,-0.09146,0.0000
03:39:03.265244,0.860,0.00000,0.0000,0.888,0.00000,0.0000
03:39:03.380481,0.852,0.00000,0.0000,0.884,-0.09146,0.0000
03:39:03.503602,0.856,-0.21341,0.0000,0.884,0.00000,0.0000
03:39:03.627415,0.856,-0.09146,0.0000,0.884,-0.21341,0.0000
